my_net_MyNet_96_96_MyNet_ETTm1_ftM_sl96_ll48_pl96_dm16_nh8_el2_dl1_df32_fc3_ebtimeF_dtTrue_'Exp'_0  
mse:0.36299532651901245, mae:0.393655002117157, rse:0.5733006596565247, corr:[55.049778 54.56365  54.411415 54.49236  54.35731  54.13027  54.10807
 53.994812 54.106514 53.993782 53.621574 54.049397 54.24055  53.991497
 53.23939  53.096912 53.003258 52.481285 52.056274 52.131573 51.48577
 51.49581  51.054085 50.760395 50.918083 50.404545 50.24835  49.82983
 49.815193 49.601326 49.940918 49.33651  49.351177 49.424377 49.277386
 49.772194 49.028572 49.080425 49.506466 49.40622  49.33776  49.37134
 49.349205 48.719883 49.374443 48.676777 48.602043 48.85678  48.619007
 48.80853  48.8659   49.261448 49.321594 49.494106 49.620174 50.04586
 50.241814 49.943195 50.162537 49.795563 49.96591  49.849804 49.76362
 50.142036 50.38151  50.648113 50.693634 50.546787 50.29719  50.58186
 50.707012 50.57502  50.790516 50.678715 50.661552 50.73003  50.74359
 50.705547 50.559322 50.827087 50.75102  50.38639  50.7268   50.87687
 50.807014 50.926643 51.070095 50.668724 50.39339  50.668854 50.70627
 50.406223 50.55703  50.83273  50.689095 50.63499 ]

my_net_MyNet_96_96_MyNet_ETTm1_ftM_sl96_ll48_pl96_dm16_nh8_el2_dl1_df32_fc3_ebtimeF_dtTrue_'Exp'_0  
mse:0.34643712639808655, mae:0.38160058856010437, rse:0.5600723028182983, corr:[55.35126  54.9437   54.91509  54.805447 54.811928 54.468315 54.38385
 54.30686  54.239956 54.26711  53.96256  54.0602   54.0209   53.928364
 53.34186  53.046574 52.70045  52.25667  52.232567 51.83164  51.304478
 51.243202 50.833668 50.753635 50.77825  50.37888  50.509624 50.26742
 50.105713 50.16361  50.413837 50.155514 50.116096 50.35258  50.150394
 50.108337 49.927944 50.274475 50.34013  50.54408  50.363808 50.452614
 50.667812 50.452763 50.825554 50.64961  50.63862  50.437042 50.232388
 50.25571  50.211517 50.60968  50.34534  50.8715   50.785545 50.891026
 50.765697 50.697994 50.67669  50.809444 50.859123 50.91053  50.850838
 50.905704 50.985138 50.973858 50.86792  50.63204  50.58688  50.524803
 50.68031  50.75224  50.919422 50.70667  50.606266 51.000618 50.85616
 50.933025 50.789436 50.82415  50.796844 50.77551  50.790623 50.89858
 50.837402 50.737316 50.75477  50.859894 50.89611  51.068027 50.973125
 51.11193  51.04111  51.22796  51.378887 51.284153]

